89

C              1.660474299388        -2.921980499504        -2.263664837563
C              3.049115933253        -3.503729643887        -2.588321287725
C              4.052008223636        -2.370638981855        -2.877132774566
C              3.556306117873        -4.299530100335        -1.369756393592
Si             2.905438319406        -4.687154787811        -4.087303579310
O              4.506981304100        -4.961656256876        -4.563496997045
C              4.958918290923        -5.304362182159        -5.887239743617
C              4.221318329491        -6.455856480939        -6.404340901324
C              3.556517782661        -7.411096700848        -6.752520641732
C              2.721591417879        -8.506505672597        -7.125154097656
C              1.614352108948        -8.852649427826        -6.322458497225
C              0.791496195921        -9.915227442002        -6.679708944151
C              1.054456352582       -10.649281926205        -7.841970319606
C              0.125801202264       -11.760280154323        -8.250464559014
F             -0.389012443766       -12.399121429951        -7.184059224625
F              0.743853771745       -12.679160037649        -9.013238045270
F             -0.918481835066       -11.296516002921        -8.966235913148
C              2.150734458344       -10.316421345765        -8.645177944161
C              2.978625379728        -9.255137767611        -8.290764428230
C              4.926498733628        -4.080309546000        -6.789419424597
C              5.644573382014        -2.951900861447        -6.366997706220
C              5.614881273548        -1.779555510386        -7.121565454176
C              4.879459179829        -1.727482200613        -8.311319638951
C              4.181858043870        -2.856890774114        -8.742982834593
C              4.205372600829        -4.029723922252        -7.984419349319
C              1.886944736752        -4.008502326546        -5.515315019519
C              1.941503491168        -2.652665805538        -5.888170498265
C              1.247935703314        -2.177910213913        -7.001140769336
C              0.480560561072        -3.054245036533        -7.772766584199
C              0.409755715765        -4.404107486619        -7.421149542245
C              1.103766485697        -4.871777468618        -6.303065860230
C              2.203752713617        -6.342767695407        -3.525884147557
C              0.829730554178        -6.526090104900        -3.287876257799
C              0.332080513769        -7.747044197140        -2.821449060785
C              1.205779688544        -8.811428269141        -2.581906583183
C              2.574892430568        -8.649236571407        -2.814741451360
C              3.065696192532        -7.428397116496        -3.282832695385
H              1.259839540467        -2.314602820233        -3.089544713131
H              0.925928512083        -3.714790285814        -2.045383443450
H              1.716775917413        -2.276376977407        -1.368811987681
H              3.749961803330        -1.739274448408        -3.725815518867
H              4.140089848969        -1.711044692221        -1.994897596306
H              5.051408171236        -2.769453289337        -3.105031081608
H              4.548354150321        -4.737636423853        -1.553924476906
H              3.652958906715        -3.630466129140        -0.495899486176
H              2.873561969968        -5.116958458006        -1.092183552883
H              6.024979313964        -5.569925112972        -5.740863805282
H              1.413005664051        -8.288908672708        -5.413436293261
H             -0.056506577774       -10.181541397154        -6.046597939413
H              2.358828497489       -10.895955923864        -9.545948676817
H              3.836773089217        -8.995996121738        -8.913132251239
H              6.226885462332        -3.014788179630        -5.446019002494
H              6.173727419150        -0.902185294686        -6.785376078813
H              4.854871133163        -0.807749861924        -8.901461874026
H              3.601374072397        -2.823301217478        -9.668017311695
H              3.638398744306        -4.902876436648        -8.309976423827
H              2.557532863723        -1.952778112938        -5.322443850543
H              1.318597679965        -1.122691450911        -7.275117188767
H             -0.059229554355        -2.685666210878        -8.648983771166
H             -0.185259347913        -5.098035933867        -8.020385817749
H              1.043469195572        -5.931613641533        -6.052311265857
H              0.129193850639        -5.708542602731        -3.480532766792
H             -0.740190921549        -7.868510732443        -2.647324563576
H              0.819503713349        -9.767863130522        -2.220538441939
H              3.261564245105        -9.481765051962        -2.641628162474
H              4.134125964500        -7.322486839386        -3.481462987718
C              9.014304605920        -7.017438179042        -1.712493290418
C              7.670846616701        -7.640990335624        -1.361102001450
C              6.569792201716        -6.626641142922        -1.632296879209
N              6.673676746799        -6.168761108732        -2.999974045276
C              7.876252915919        -5.898566933797        -3.620494571059
N              7.856203926160        -5.188067771768        -4.701538557184
C              9.083955157909        -4.929027042692        -5.418907262845
C             10.174836690607        -5.963422363930        -5.143560712880
C             10.303672868873        -6.156514168823        -3.638557258561
N              9.008551889103        -6.480511227182        -3.062887263559
H              9.817792725020        -7.770570536859        -1.648211115986
H              9.265534125296        -6.227789242160        -0.971287719880
H              7.664993783366        -7.950234064597        -0.304452126650
H              7.505802058007        -8.537528721207        -1.980962042481
H              5.575432981523        -7.076085423657        -1.485137787718
H              6.651977100112        -5.794225400319        -0.900648381434
H              5.895965278877        -5.641797203345        -3.401922518794
H              9.465040409280        -3.919344268371        -5.160378598437
H              8.864101594231        -4.888122469079        -6.500341001091
H              9.901457032285        -6.926760047389        -5.606681934163
H             11.141171437402        -5.651531377253        -5.571476685920
H             10.729923904225        -5.243697811879        -3.170816154794
H             10.996425639400        -6.982696002370        -3.405350905417

89

C             -3.151494238282         0.601518128271         1.782513994951
C             -1.759221781458         1.094544634939         1.347975651144
C             -1.841704363576         2.591862683419         1.001150063158
C             -0.761739861624         0.897260676549         2.505238017591
Si            -1.149905914872         0.081439271857        -0.158933601353
O              0.458243161890         0.583116931080        -0.391764441728
C              1.083917260477         0.551094595822        -1.702669958497
C              0.814767929823        -0.625409824311        -2.433649762425
C              0.591625556496        -1.701554497693        -2.978053678525
C              0.202198910483        -2.916479177524        -3.587978517704
C              0.524532571473        -3.204844505177        -4.935339773617
C              0.121705544392        -4.397346464755        -5.524500599277
C             -0.612730654414        -5.338259318908        -4.791028625345
C             -0.991691934962        -6.651432161404        -5.407256957624
F             -1.137442272976        -6.562803836966        -6.743356714380
F             -2.147928929924        -7.130317334326        -4.907232473574
F             -0.058268396513        -7.604590117011        -5.186735338570
C             -0.942822797092        -5.065617962059        -3.456524817812
C             -0.545349792913        -3.875901710789        -2.860933571463
C              1.097562441329         1.862473400891        -2.374458731039
C              1.170837165835         3.045877859793        -1.611819534635
C              1.236134819937         4.294963996708        -2.230560553205
C              1.244603701137         4.398458172655        -3.624829155600
C              1.186381146750         3.228611819387        -4.391535784618
C              1.111348948127         1.979190824032        -3.778738906507
C             -2.118783261746         0.370439699727        -1.739683642564
C             -2.165280882907         1.651787532827        -2.321898648251
C             -2.792276120398         1.864091159540        -3.550978466915
C             -3.391993121840         0.797021333822        -4.224082057153
C             -3.353426101978        -0.483375169744        -3.666093801079
C             -2.718746355244        -0.691717382367        -2.440521670635
C             -1.113184679335        -1.752315590560         0.292906992360
C             -2.289723229014        -2.505090108537         0.468263932816
C             -2.243465887682        -3.860175538731         0.808686893015
C             -1.011587716812        -4.494401600285         0.990658652641
C              0.169002827164        -3.766217161219         0.821933119614
C              0.115160455035        -2.414857926087         0.471980999991
H             -3.883996168119         0.666676460705         0.960857914590
H             -3.128785075504        -0.440329296960         2.137067742725
H             -3.533130312421         1.222200219239         2.613307664868
H             -2.620601349446         2.792949361267         0.250367423954
H             -2.097536905420         3.176085742508         1.903794040757
H             -0.888616269773         2.979860061859         0.610569102113
H              0.230723335154         1.303503914214         2.254193376099
H             -1.113941705535         1.424821225002         3.410140854411
H             -0.642676008691        -0.166457053299         2.768893936186
H              2.493534969685         0.494085508854        -1.281213680953
H              1.092202171312        -2.473540383155        -5.513450372509
H              0.372473449262        -4.601448906652        -6.567110879242
H             -1.524029691660        -5.789894287052        -2.882616617678
H             -0.808631328179        -3.671549323447        -1.824824414587
H              1.169454761618         2.972537941561        -0.523493317632
H              1.282520454487         5.198553792262        -1.615896868930
H              1.293542649881         5.376965086090        -4.108596137688
H              1.181782101495         3.292288910553        -5.483364895042
H              1.035740045224         1.074337193214        -4.385251985892
H             -1.675777569244         2.495580939790        -1.834997271022
H             -2.798077360708         2.865061189284        -3.989164596244
H             -3.879238126710         0.960749460235        -5.188954079445
H             -3.803470953428        -1.327536309066        -4.194536758872
H             -2.666470212347        -1.706892073651        -2.044113542716
H             -3.266183980528        -2.035228858064         0.326931255717
H             -3.172536419997        -4.423172506126         0.929211769449
H             -0.972595644555        -5.554368431043         1.254144017461
H              1.137389769171        -4.258631697459         0.944202517114
H              1.046941805141        -1.873655743735         0.307056514811
C              5.119430334997        -0.743755137104         2.319897127182
C              3.869654024644        -1.475101258065         2.793575774341
C              2.647161138526        -0.602863505943         2.546756846547
N              2.658597807822        -0.112332846452         1.183301658050
C              3.766302675976         0.028495267647         0.419048859561
N              3.620258311519         0.500724869265        -0.801715212964
C              4.736502124388         0.688255319072        -1.704523549839
C              5.889632134084        -0.245527109814        -1.352238606319
C              6.190254414948        -0.132135310951         0.137950346132
N              4.979461938233        -0.346059156687         0.924448423901
H              6.001806956822        -1.398226257501         2.395032253849
H              5.317521261916         0.136859990321         2.963262906412
H              3.956446203190        -1.719173449808         3.862885127778
H              3.770621548671        -2.423055556704         2.239345481687
H              1.720232901906        -1.174681613526         2.704500630726
H              2.632285215104         0.237906983144         3.267082292538
H              1.777744093111         0.204009274737         0.745402183504
H              5.075451944637         1.741321808334        -1.676684487650
H              4.378339598722         0.505472876381        -2.730115271561
H              5.612736686857        -1.285836385356        -1.590448944738
H              6.789820081878         0.002563306330        -1.935170607018
H              6.631389058170         0.857966719622         0.367314824474
H              6.927947118825        -0.890240373285         0.445062808553

89

C             -3.835877146957         1.754163749447         1.653641821544
C             -2.367206321350         2.208594263836         1.568984796079
C             -2.286112796437         3.709087907032         1.232458016932
C             -1.684338357260         1.981827608891         2.933097126103
Si            -1.454499119376         1.154736530941         0.264243886477
O              0.056448592529         1.901866304871         0.071577150629
C              0.775810161907         1.614178228468        -1.091723457859
C              1.383773369329         0.428556478037        -1.256714284273
C              2.145629652729        -0.585975748869        -1.469704237232
C              1.849702989933        -1.899653902441        -2.024362246806
C              2.569843757269        -2.386517320391        -3.137089213184
C              2.315049266927        -3.647803784209        -3.665497406909
C              1.345384004057        -4.473137110751        -3.081136589609
C              1.124352557376        -5.859590929092        -3.607326633514
F              1.311507655732        -5.930738949422        -4.940703257059
F             -0.119054647651        -6.308755169790        -3.352304524373
F              1.975729938682        -6.754434165822        -3.056952245465
C              0.629222258937        -4.011628075341        -1.970005361922
C              0.873234145926        -2.743609735172        -1.451782628808
C              0.744887583614         2.641658975401        -2.136885588544
C              0.196116562935         3.913344207575        -1.876910044713
C              0.232282448375         4.919446679233        -2.844101637391
C              0.810242374342         4.685711088958        -4.094916433054
C              1.339628546076         3.417668910341        -4.371881802706
C              1.304327836315         2.409448837785        -3.413202383088
C             -2.259780142316         1.034367918707        -1.430690390314
C             -3.087381310951         2.037720649369        -1.965464727075
C             -3.551395698773         1.972083068967        -3.281281952243
C             -3.188504397120         0.897801348452        -4.096981712982
C             -2.367221186224        -0.111303887266        -3.587791603574
C             -1.912730336312        -0.043248656557        -2.269554661921
C             -1.170335981133        -0.579529200383         0.933967535860
C             -2.124154991903        -1.600594942889         0.778088094798
C             -1.912974056012        -2.874701087114         1.313541966327
C             -0.738453532204        -3.148512899649         2.019870667024
C              0.221543516690        -2.145460736924         2.185630198602
C              0.006366251696        -0.876148705706         1.645268628255
H             -4.379999849405         1.926455614462         0.711844712864
H             -3.916092157276         0.680878478799         1.892744343083
H             -4.364616373454         2.307395658110         2.450934201070
H             -2.749214253462         3.956937818915         0.265538884318
H             -2.808800058818         4.300311139646         2.006204129666
H             -1.240714305095         4.051423319801         1.199058401349
H             -0.617858724576         2.258015497753         2.903436745780
H             -2.168491868967         2.605668991773         3.706249555862
H             -1.751317576536         0.933088486423         3.259882737485
H              3.038001822369         1.966896675096        -1.076037178228
H              3.327960909335        -1.747852358301        -3.597768858822
H              2.867715178439        -3.997921056912        -4.539749561041
H             -0.134815114337        -4.644396780502        -1.514612306612
H              0.311413322144        -2.393334494950        -0.588034734122
H             -0.245810152516         4.105649155193        -0.900523242613
H             -0.196233394136         5.899328887694        -2.615755749815
H              0.834922177490         5.473856239451        -4.851284242805
H              1.773681609866         3.210906106061        -5.354252105070
H              1.708450828476         1.421411580223        -3.640225797087
H             -3.372596878741         2.896591241531        -1.355347694125
H             -4.192069763194         2.766391302429        -3.672791251026
H             -3.544267937724         0.848218091196        -5.129513052922
H             -2.074290209260        -0.954250379541        -4.218775511112
H             -1.265259259007        -0.838496457088        -1.896249870888
H             -3.041518846366        -1.406306454666         0.215287973066
H             -2.664125394603        -3.656719454858         1.175265625234
H             -0.567909221827        -4.145244145070         2.434806822471
H              1.146926987700        -2.358727796124         2.726794161142
H              0.772334437529        -0.105584824783         1.756953849941
C              7.266598481835         1.011062256493        -2.186783634059
C              6.788405950760        -0.406174167247        -2.476775924010
C              5.765517793779        -0.812240463347        -1.422931326401
N              4.736669712183         0.199244140028        -1.276133672395
C              4.942094473820         1.473740401676        -1.572592299764
N              3.929709371251         2.347168708345        -1.402695418589
C              4.003111519740         3.773451836635        -1.672781098452
C              5.072884551581         4.037852833350        -2.718818038171
C              6.364865874152         3.344925481044        -2.306157189253
N              6.133910290471         1.923675491883        -2.062538273017
H              7.905011890007         1.380762996329        -3.004183416951
H              7.881355907789         1.028936756284        -1.265509093190
H              7.644845208387        -1.097500444145        -2.480712186496
H              6.327314678594        -0.438960408355        -3.477970372783
H              5.271025292900        -1.758598908726        -1.691762670005
H              6.272166272270        -0.985152963536        -0.454364317337
H              3.624899020142        -0.172985829629        -1.247463329194
H              4.234621111420         4.328393371241        -0.743615332956
H              3.017678985196         4.110081489852        -2.019663852924
H              4.736817893197         3.650413929804        -3.694334198356
H              5.243125924064         5.119193479258        -2.827755727813
H              6.792369946289         3.830015161717        -1.406515914794
H              7.120903337965         3.426527742714        -3.102513743692

89

C              3.484473824371         5.958383449556        -1.850435545235
C              2.241573512440         5.052178135642        -1.915144143909
C              0.950578167825         5.886417888817        -1.804915901239
C              2.233093046829         4.311763306861        -3.268490373760
Si             2.286335869984         3.735429973513        -0.536419565157
O              0.905125608596         2.814961403167        -0.834002276637
C              0.472858995769         1.812211070188         0.041106844984
C              1.040783209074         0.605138487984        -0.019677468130
C              1.720278813494        -0.489716758259         0.025664679033
C              1.719356730804        -1.724135632842        -0.737098947661
C              2.023349201968        -1.727943714598        -2.120796324821
C              2.329154464396        -2.909769293021        -2.789727008751
C              2.319329284866        -4.131452809862        -2.104361373396
C              2.804916920340        -5.377202780005        -2.777091344455
F              2.594496444344        -5.363575123746        -4.104125179017
F              2.231558747075        -6.487651245654        -2.283381246822
F              4.147759048583        -5.536970761629        -2.607639523894
C              1.956888699080        -4.158462441432        -0.749751941863
C              1.667825657502        -2.976577567036        -0.078657652192
C             -0.577305463055         2.191773420937         0.992291991659
C             -1.120936313933         3.489724082754         0.986002460137
C             -2.078607420407         3.867711380538         1.928093261662
C             -2.521373933959         2.962218740886         2.894760732759
C             -1.995553306457         1.663735719140         2.902965699691
C             -1.040453969216         1.281997048970         1.965555107027
C              2.254413546415         4.385239996763         1.231658719031
C              2.239835124188         5.746060832562         1.583059343915
C              2.151962442453         6.151823887304         2.918129976189
C              2.068141576519         5.198833046804         3.935085390473
C              2.082075318631         3.839604415375         3.610033549312
C              2.181068103570         3.442327693475         2.276804884387
C              3.823924221672         2.658243218831        -0.733704599360
C              5.016418991823         2.962398497753        -0.055275538224
C              6.187833043311         2.233832525106        -0.288253137877
C              6.182849995339         1.178725892103        -1.204158619672
C              5.003156055304         0.851964158209        -1.879247496760
C              3.840337351905         1.586308804161        -1.644097312381
H              3.535813183381         6.544268419416        -0.919742345173
H              4.416605500420         5.375293013375        -1.925994712406
H              3.476433121509         6.677306309178        -2.689501663345
H              0.882882824723         6.442067356112        -0.857229705110
H              0.902824788343         6.625235875198        -2.625354457866
H              0.058631819695         5.245732835223        -1.880132069115
H              1.375245997100         3.626449969538        -3.346834758528
H              2.162366900735         5.040375010567        -4.096066355179
H              3.153139210014         3.726264881354        -3.422553778099
H              3.920306849838        -1.962729313765        -0.553855048266
H              2.041719310701        -0.777425893369        -2.656560366399
H              2.580922293737        -2.887699649829        -3.852042908750
H              1.924514107311        -5.111683402028        -0.218355318465
H              1.431134169692        -2.998839935697         0.987423832239
H             -0.781084927944         4.204604335308         0.238113415965
H             -2.481772468830         4.883822290786         1.905695644287
H             -3.270299394328         3.260507149845         3.632505988264
H             -2.336669750658         0.941372802576         3.649833747240
H             -0.633158081738         0.268406170837         1.977914613216
H              2.291516237810         6.514054041384         0.809556459796
H              2.141337345935         7.217152700539         3.162702051359
H              1.987492469443         5.514324802266         4.978574525732
H              2.003303354594         3.085850141382         4.397705769401
H              2.171499396154         2.378081525860         2.040621519939
H              5.033844336231         3.785831212873         0.664665971823
H              7.110255847526         2.501722201417         0.234461573073
H              7.101142831950         0.618793382885        -1.400770606308
H              4.989600882012         0.025496935200        -2.594273297515
H              2.923315772482         1.325105398871        -2.174006520147
C              6.616530106005        -0.183347047630         2.514859527481
C              5.386610933736         0.011896389131         3.392421608030
C              4.207545381649         0.412757312119         2.515617492471
N              4.062923242694        -0.485693474868         1.389599857728
C              5.075033894475        -1.162554969789         0.893272645358
N              4.857454713306        -1.976556985100        -0.168025416079
C              5.884836273441        -2.689696405067        -0.898428423942
C              7.025249010366        -3.030992353672         0.048761101034
C              7.462377805016        -1.773342641897         0.788952866002
N              6.329831715779        -1.120200220281         1.434164207606
H              7.453221486454        -0.594850764719         3.101073830885
H              6.950637036348         0.786765966769         2.101261053219
H              5.585912102722         0.783629451024         4.151533239973
H              5.162925189464        -0.928970327204         3.922383661388
H              3.266785260569         0.397318852648         3.090042922372
H              4.339872873622         1.447600064204         2.155938900937
H              2.973630995221        -0.480406190747         0.812647264837
H              6.264564609987        -2.081632701251        -1.742988099616
H              5.437228178097        -3.597031898118        -1.329688952332
H              6.689371590689        -3.788934862236         0.775134617332
H              7.875594304975        -3.452774765848        -0.507501764341
H              7.965651217452        -1.074316247463         0.092258831622
H              8.195431180987        -2.023615248974         1.572080153715

89

C             26.694846700174        -3.186689331585         6.866207447542
C             28.157921669398        -3.236135705101         6.386991962022
C             28.750451101970        -1.815488438678         6.340411527132
C             28.984057681783        -4.069782974325         7.386129310928
Si            28.240388024979        -4.083324462697         4.671738213045
O             29.865164083954        -3.905996614725         4.171773105862
C             30.151327439427        -3.973298862866         2.772587215372
C             30.406673740805        -5.205867527158         2.250528375443
C             30.747045867851        -6.346774509185         1.866218063021
C             31.715589300695        -7.352565555562         1.748172273857
C             32.453030151770        -7.582406633837         0.549502886516
C             33.533032263963        -8.452695205529         0.529926487649
C             33.914387062213        -9.156023899809         1.685789421587
C             35.197883187460        -9.906305591255         1.741443996593
F             35.623987879412       -10.314541486890         0.534412995787
F             35.137874757120       -10.989153691349         2.542070676544
F             36.208615653713        -9.133240147171         2.253342936126
C             33.135800225654        -9.019277220132         2.848829366123
C             32.052417159203        -8.159970034428         2.877067135044
C             30.113163345283        -2.727056775091         2.032553714320
C             29.972574730452        -1.481741122765         2.684191267027
C             29.938115694191        -0.291383980698         1.958444186611
C             30.044445176751        -0.297628193165         0.565430843922
C             30.188978476042        -1.526444836962        -0.093927154577
C             30.222417879179        -2.718596522632         0.620531920012
C             27.131248627127        -3.381773098346         3.335538585548
C             26.624996582243        -2.070806006802         3.333723707222
C             25.922299960265        -1.568318305025         2.237007069571
C             25.720590157295        -2.370112944693         1.111385037296
C             26.211589219027        -3.677961614603         1.093451503266
C             26.903321123885        -4.179071165229         2.197188840391
C             27.869574297447        -5.919428985542         4.853195476520
C             26.544258645637        -6.362046306529         5.019584839836
C             26.250848069449        -7.715307717789         5.205708233974
C             27.282158947400        -8.658638929969         5.219270887653
C             28.603380153445        -8.241501363864         5.038983117206
C             28.889147323172        -6.886281101932         4.858585469413
H             26.053837598447        -2.601567985919         6.188865951409
H             26.259110385412        -4.194890489716         6.950789709131
H             26.636127183922        -2.720529867942         7.866400354111
H             28.202986524727        -1.147907823113         5.659100636337
H             28.716252207473        -1.357064490654         7.345337560230
H             29.801712149115        -1.831306597603         6.015021774224
H             30.048747783388        -4.095409722862         7.105573190915
H             28.926068620354        -3.621822437862         8.394553803030
H             28.624486387093        -5.107896672266         7.459944387640
H             32.210720896317        -4.119648884101         2.969256663685
H             32.180562114733        -7.028970080162        -0.351038207010
H             34.111388390574        -8.577057028959        -0.388018723215
H             33.397488641886        -9.594965221426         3.740337761651
H             31.454396436122        -8.061070828813         3.782726542528
H             29.892951347633        -1.455634229648         3.769321287895
H             29.824713703613         0.656683268250         2.492283627903
H             30.012526651215         0.636425572595        -0.000310124889
H             30.265409626802        -1.553519183315        -1.184750664332
H             30.314098667151        -3.671426023719         0.094002657360
H             26.789858189478        -1.416078056798         4.191137914758
H             25.542972263061        -0.543643887789         2.256046260307
H             25.182774797434        -1.974101455695         0.246048242099
H             26.060576631595        -4.308948475161         0.214033567566
H             27.290356938917        -5.200206962961         2.162400391400
H             25.721659141428        -5.641936923183         4.986633649842
H             25.213525088802        -8.036448273648         5.330750173376
H             27.054545669240        -9.718802443964         5.356865259359
H             29.411273427244        -8.977957002552         5.022054659545
H             29.918716194253        -6.576987038192         4.681230465198
C             34.460233110063        -6.689912748394         5.833360967303
C             33.099249770946        -7.117326777890         6.364006113588
C             32.167698079195        -5.916170839292         6.422189107340
N             32.175979812436        -5.220175731156         5.146102925400
C             33.226401129755        -5.218084402329         4.309268044776
N             33.153588003349        -4.471538514083         3.203846290528
C             34.159835680786        -4.455198282185         2.151113237877
C             35.047073630799        -5.686941173216         2.245299219769
C             35.485351903103        -5.920434127946         3.682192468966
N             34.331015711714        -5.944104463688         4.583592440369
H             35.084821717611        -7.571540638017         5.626355693087
H             34.997672071159        -6.079577570843         6.584371259332
H             33.212093308505        -7.561817637533         7.363675913170
H             32.674442596345        -7.884502124849         5.700221008695
H             31.136350885377        -6.229380110153         6.634918416212
H             32.473293724302        -5.232377291020         7.236485134813
H             31.340736985710        -4.673233624841         4.874746736489
H             34.757399155818        -3.528762810632         2.225961196659
H             33.632350884483        -4.428135028768         1.186441041565
H             34.499752480783        -6.568653906186         1.891497081906
H             35.932953792994        -5.569838417612         1.604170983458
H             36.204821814999        -5.148386379194         4.015906417983
H             35.982857087332        -6.897824859258         3.758174470902

